[Original image]
1 1 1 1 0 0 0 1 1 1 
1 1 1 0 0 0 0 1 1 1 
1 1 0 0 1 0 0 1 1 1 
1 0 0 1 1 0 0 1 1 1 
0 0 1 1 1 0 0 1 1 1 
0 0 0 0 0 0 0 0 0 0 
0 0 0 0 0 0 0 0 0 0 
1 1 1 1 1 0 0 1 1 1 
1 1 1 1 1 0 0 1 1 1 
1 1 1 1 1 0 0 1 1 1 

[Rotate CCW90]
1 1 1 1 1 0 0 1 1 1 
1 1 1 1 1 0 0 1 1 1 
1 1 1 1 1 0 0 1 1 1 
0 0 0 0 0 0 0 0 0 0 
0 0 0 0 0 0 0 0 0 0 
0 0 1 1 1 0 0 1 1 1 
1 0 0 1 1 0 0 1 1 1 
1 1 0 0 1 0 0 1 1 1 
1 1 1 0 0 0 0 1 1 1 
1 1 1 1 0 0 0 1 1 1 

[Reverse image]
0 0 0 0 1 1 1 0 0 0 
0 0 0 1 1 1 1 0 0 0 
0 0 1 1 0 1 1 0 0 0 
0 1 1 0 0 1 1 0 0 0 
1 1 0 0 0 1 1 0 0 0 
1 1 1 1 1 1 1 1 1 1 
1 1 1 1 1 1 1 1 1 1 
0 0 0 0 0 1 1 0 0 0 
0 0 0 0 0 1 1 0 0 0 
0 0 0 0 0 1 1 0 0 0 

[Mirror image]
1 1 1 0 0 0 1 1 1 1 
1 1 1 0 0 0 0 1 1 1 
1 1 1 0 0 1 0 0 1 1 
1 1 1 0 0 1 1 0 0 1 
1 1 1 0 0 1 1 1 0 0 
0 0 0 0 0 0 0 0 0 0 
0 0 0 0 0 0 0 0 0 0 
1 1 1 0 0 1 1 1 1 1 
1 1 1 0 0 1 1 1 1 1 
1 1 1 0 0 1 1 1 1 1 

